#Res  Name First  Last Natom #Orig  #Mol C I
    1 SER      1    13    13     1     1    
    2 LYS     14    35    22     2     1    
    3 ALA     36    45    10     3     1    
    4 ARG     46    69    24     4     1    
    5 VAL     70    85    16     5     1    
    6 TYR     86   106    21     6     1    
    7 ALA    107   116    10     7     1    
    8 ASP    117   128    12     8     1    
    9 VAL    129   144    16     9     1    
   10 ASN    145   158    14    10     1    
   11 VAL    159   174    16    11     1    
   12 LEU    175   193    19    12     1    
   13 ARG    194   217    24    13     1    
   14 PRO    218   231    14    14     1    
   15 LYS    232   253    22    15     1    
   16 GLU    254   268    15    16     1    
   17 TYR    269   289    21    17     1    
   18 TRP    290   313    24    18     1    
   19 ASP    314   325    12    19     1    
   20 TYR    326   346    21    20     1    
   21 GLU    347   361    15    21     1    
   22 ALA    362   371    10    22     1    
   23 LEU    372   390    19    23     1    
   24 THR    391   404    14    24     1    
   25 VAL    405   420    16    25     1    
   26 GLN    421   437    17    26     1    
   27 TRP    438   461    24    27     1    
   28 GLY    462   468     7    28     1    
   29 GLU    469   483    15    29     1    
   30 GLN    484   500    17    30     1    
   31 ASP    501   512    12    31     1    
   32 ASH    513   525    13    32     1    
   33 TYR    526   546    21    33     1    
   34 GLU    547   561    15    34     1    
   35 VAL    562   577    16    35     1    
   36 VAL    578   593    16    36     1    
   37 ARG    594   617    24    37     1    
   38 LYS    618   639    22    38     1    
   39 VAL    640   655    16    39     1    
   40 GLY    656   662     7    40     1    
   41 ARG    663   686    24    41     1    
   42 GLY    687   693     7    42     1    
   43 LYS    694   715    22    43     1    
   44 TYR    716   736    21    44     1    
   45 SER    737   747    11    45     1    
   46 GLU    748   762    15    46     1    
   47 VAL    763   778    16    47     1    
   48 PHE    779   798    20    48     1    
   49 GLU    799   813    15    49     1    
   50 GLY    814   820     7    50     1    
   51 ILE    821   839    19    51     1    
   52 ASN    840   853    14    52     1    
   53 VAL    854   869    16    53     1    
   54 ASN    870   883    14    54     1    
   55 ASN    884   897    14    55     1    
   56 ASN    898   911    14    56     1    
   57 GLU    912   926    15    57     1    
   58 LYS    927   948    22    58     1    
   59 CYS    949   959    11    59     1    
   60 ILE    960   978    19    60     1    
   61 ILE    979   997    19    61     1    
   62 LYS    998  1019    22    62     1    
   63 ILE   1020  1038    19    63     1    
   64 LEU   1039  1057    19    64     1    
   65 LYS   1058  1079    22    65     1    
   66 PRO   1080  1093    14    66     1    
   67 VAL   1094  1109    16    67     1    
   68 LYS   1110  1131    22    68     1    
   69 LYS   1132  1153    22    69     1    
   70 LYS   1154  1175    22    70     1    
   71 LYS   1176  1197    22    71     1    
   72 ILE   1198  1216    19    72     1    
   73 LYS   1217  1238    22    73     1    
   74 ARG   1239  1262    24    74     1    
   75 GLU   1263  1277    15    75     1    
   76 ILE   1278  1296    19    76     1    
   77 LYS   1297  1318    22    77     1    
   78 ILE   1319  1337    19    78     1    
   79 LEU   1338  1356    19    79     1    
   80 GLN   1357  1373    17    80     1    
   81 ASN   1374  1387    14    81     1    
   82 LEU   1388  1406    19    82     1    
   83 CYS   1407  1417    11    83     1    
   84 GLY   1418  1424     7    84     1    
   85 GLY   1425  1431     7    85     1    
   86 PRO   1432  1445    14    86     1    
   87 ASN   1446  1459    14    87     1    
   88 ILE   1460  1478    19    88     1    
   89 VAL   1479  1494    16    89     1    
   90 LYS   1495  1516    22    90     1    
   91 LEU   1517  1535    19    91     1    
   92 LEU   1536  1554    19    92     1    
   93 ASP   1555  1566    12    93     1    
   94 ILE   1567  1585    19    94     1    
   95 VAL   1586  1601    16    95     1    
   96 ARG   1602  1625    24    96     1    
   97 ASP   1626  1637    12    97     1    
   98 GLN   1638  1654    17    98     1    
   99 HIE   1655  1671    17    99     1    
  100 SER   1672  1682    11   100     1    
  101 LYS   1683  1704    22   101     1    
  102 THR   1705  1718    14   102     1    
  103 PRO   1719  1732    14   103     1    
  104 SER   1733  1743    11   104     1    
  105 LEU   1744  1762    19   105     1    
  106 ILE   1763  1781    19   106     1    
  107 PHE   1782  1801    20   107     1    
  108 GLU   1802  1816    15   108     1    
  109 TYR   1817  1837    21   109     1    
  110 VAL   1838  1853    16   110     1    
  111 ASN   1854  1867    14   111     1    
  112 ASN   1868  1881    14   112     1    
  113 THR   1882  1895    14   113     1    
  114 ASP   1896  1907    12   114     1    
  115 PHE   1908  1927    20   115     1    
  116 LYS   1928  1949    22   116     1    
  117 VAL   1950  1965    16   117     1    
  118 LEU   1966  1984    19   118     1    
  119 TYR   1985  2005    21   119     1    
  120 PRO   2006  2019    14   120     1    
  121 THR   2020  2033    14   121     1    
  122 LEU   2034  2052    19   122     1    
  123 THR   2053  2066    14   123     1    
  124 ASP   2067  2078    12   124     1    
  125 TYR   2079  2099    21   125     1    
  126 ASP   2100  2111    12   126     1    
  127 ILE   2112  2130    19   127     1    
  128 ARG   2131  2154    24   128     1    
  129 TYR   2155  2175    21   129     1    
  130 TYR   2176  2196    21   130     1    
  131 ILE   2197  2215    19   131     1    
  132 TYR   2216  2236    21   132     1    
  133 GLU   2237  2251    15   133     1    
  134 LEU   2252  2270    19   134     1    
  135 LEU   2271  2289    19   135     1    
  136 LYS   2290  2311    22   136     1    
  137 ALA   2312  2321    10   137     1    
  138 LEU   2322  2340    19   138     1    
  139 ASP   2341  2352    12   139     1    
  140 TYR   2353  2373    21   140     1    
  141 CYS   2374  2384    11   141     1    
  142 HIP   2385  2402    18   142     1    
  143 SER   2403  2413    11   143     1    
  144 GLN   2414  2430    17   144     1    
  145 GLY   2431  2437     7   145     1    
  146 ILE   2438  2456    19   146     1    
  147 MET   2457  2473    17   147     1    
  148 HIE   2474  2490    17   148     1    
  149 ARG   2491  2514    24   149     1    
  150 ASP   2515  2526    12   150     1    
  151 VAL   2527  2542    16   151     1    
  152 LYS   2543  2564    22   152     1    
  153 PRO   2565  2578    14   153     1    
  154 HIE   2579  2595    17   154     1    
  155 ASN   2596  2609    14   155     1    
  156 VAL   2610  2625    16   156     1    
  157 MET   2626  2642    17   157     1    
  158 ILE   2643  2661    19   158     1    
  159 ASP   2662  2673    12   159     1    
  160 HIE   2674  2690    17   160     1    
  161 GLU   2691  2705    15   161     1    
  162 LEU   2706  2724    19   162     1    
  163 ARG   2725  2748    24   163     1    
  164 LYS   2749  2770    22   164     1    
  165 LEU   2771  2789    19   165     1    
  166 ARG   2790  2813    24   166     1    
  167 LEU   2814  2832    19   167     1    
  168 ILE   2833  2851    19   168     1    
  169 ASP   2852  2863    12   169     1    
  170 TRP   2864  2887    24   170     1    
  171 GLY   2888  2894     7   171     1    
  172 LEU   2895  2913    19   172     1    
  173 ALA   2914  2923    10   173     1    
  174 GLU   2924  2938    15   174     1    
  175 PHE   2939  2958    20   175     1    
  176 TYR   2959  2979    21   176     1    
  177 HIE   2980  2996    17   177     1    
  178 PRO   2997  3010    14   178     1    
  179 GLY   3011  3017     7   179     1    
  180 LYS   3018  3039    22   180     1    
  181 GLU   3040  3054    15   181     1    
  182 TYR   3055  3075    21   182     1    
  183 ASN   3076  3089    14   183     1    
  184 VAL   3090  3105    16   184     1    
  185 ARG   3106  3129    24   185     1    
  186 VAL   3130  3145    16   186     1    
  187 ALA   3146  3155    10   187     1    
  188 SER   3156  3166    11   188     1    
  189 ARG   3167  3190    24   189     1    
  190 TYR   3191  3211    21   190     1    
  191 PHE   3212  3231    20   191     1    
  192 LYS   3232  3253    22   192     1    
  193 GLY   3254  3260     7   193     1    
  194 PRO   3261  3274    14   194     1    
  195 GLU   3275  3289    15   195     1    
  196 LEU   3290  3308    19   196     1    
  197 LEU   3309  3327    19   197     1    
  198 VAL   3328  3343    16   198     1    
  199 ASP   3344  3355    12   199     1    
  200 LEU   3356  3374    19   200     1    
  201 GLN   3375  3391    17   201     1    
  202 ASP   3392  3403    12   202     1    
  203 TYR   3404  3424    21   203     1    
  204 ASP   3425  3436    12   204     1    
  205 TYR   3437  3457    21   205     1    
  206 SER   3458  3468    11   206     1    
  207 LEU   3469  3487    19   207     1    
  208 ASP   3488  3499    12   208     1    
  209 MET   3500  3516    17   209     1    
  210 TRP   3517  3540    24   210     1    
  211 SER   3541  3551    11   211     1    
  212 LEU   3552  3570    19   212     1    
  213 GLY   3571  3577     7   213     1    
  214 CYS   3578  3588    11   214     1    
  215 MET   3589  3605    17   215     1    
  216 PHE   3606  3625    20   216     1    
  217 ALA   3626  3635    10   217     1    
  218 GLY   3636  3642     7   218     1    
  219 MET   3643  3659    17   219     1    
  220 ILE   3660  3678    19   220     1    
  221 PHE   3679  3698    20   221     1    
  222 ARG   3699  3722    24   222     1    
  223 LYS   3723  3744    22   223     1    
  224 GLU   3745  3759    15   224     1    
  225 PRO   3760  3773    14   225     1    
  226 PHE   3774  3793    20   226     1    
  227 PHE   3794  3813    20   227     1    
  228 TYR   3814  3834    21   228     1    
  229 GLY   3835  3841     7   229     1    
  230 HIE   3842  3858    17   230     1    
  231 ASP   3859  3870    12   231     1    
  232 ASN   3871  3884    14   232     1    
  233 HIE   3885  3901    17   233     1    
  234 ASP   3902  3913    12   234     1    
  235 GLN   3914  3930    17   235     1    
  236 LEU   3931  3949    19   236     1    
  237 VAL   3950  3965    16   237     1    
  238 LYS   3966  3987    22   238     1    
  239 ILE   3988  4006    19   239     1    
  240 ALA   4007  4016    10   240     1    
  241 LYS   4017  4038    22   241     1    
  242 VAL   4039  4054    16   242     1    
  243 LEU   4055  4073    19   243     1    
  244 GLY   4074  4080     7   244     1    
  245 THR   4081  4094    14   245     1    
  246 ASP   4095  4106    12   246     1    
  247 GLY   4107  4113     7   247     1    
  248 LEU   4114  4132    19   248     1    
  249 ASN   4133  4146    14   249     1    
  250 VAL   4147  4162    16   250     1    
  251 TYR   4163  4183    21   251     1    
  252 LEU   4184  4202    19   252     1    
  253 ASN   4203  4216    14   253     1    
  254 LYS   4217  4238    22   254     1    
  255 TYR   4239  4259    21   255     1    
  256 ARG   4260  4283    24   256     1    
  257 ILE   4284  4302    19   257     1    
  258 GLU   4303  4317    15   258     1    
  259 LEU   4318  4336    19   259     1    
  260 ASP   4337  4348    12   260     1    
  261 PRO   4349  4362    14   261     1    
  262 GLN   4363  4379    17   262     1    
  263 LEU   4380  4398    19   263     1    
  264 GLU   4399  4413    15   264     1    
  265 ALA   4414  4423    10   265     1    
  266 LEU   4424  4442    19   266     1    
  267 VAL   4443  4458    16   267     1    
  268 GLY   4459  4465     7   268     1    
  269 ARG   4466  4489    24   269     1    
  270 HID   4490  4506    17   270     1    
  271 SER   4507  4517    11   271     1    
  272 ARG   4518  4541    24   272     1    
  273 LYS   4542  4563    22   273     1    
  274 PRO   4564  4577    14   274     1    
  275 TRP   4578  4601    24   275     1    
  276 LEU   4602  4620    19   276     1    
  277 LYS   4621  4642    22   277     1    
  278 PHE   4643  4662    20   278     1    
  279 MET   4663  4679    17   279     1    
  280 ASN   4680  4693    14   280     1    
  281 ALA   4694  4703    10   281     1    
  282 ASP   4704  4715    12   282     1    
  283 ASN   4716  4729    14   283     1    
  284 GLN   4730  4746    17   284     1    
  285 HIE   4747  4763    17   285     1    
  286 LEU   4764  4782    19   286     1    
  287 VAL   4783  4798    16   287     1    
  288 SER   4799  4809    11   288     1    
  289 PRO   4810  4823    14   289     1    
  290 GLU   4824  4838    15   290     1    
  291 ALA   4839  4848    10   291     1    
  292 ILE   4849  4867    19   292     1    
  293 ASP   4868  4879    12   293     1    
  294 PHE   4880  4899    20   294     1    
  295 LEU   4900  4918    19   295     1    
  296 ASP   4919  4930    12   296     1    
  297 LYS   4931  4952    22   297     1    
  298 LEU   4953  4971    19   298     1    
  299 LEU   4972  4990    19   299     1    
  300 ARG   4991  5014    24   300     1    
  301 TYR   5015  5035    21   301     1    
  302 ASP   5036  5047    12   302     1    
  303 HIE   5048  5064    17   303     1    
  304 GLN   5065  5081    17   304     1    
  305 GLU   5082  5096    15   305     1    
  306 ARG   5097  5120    24   306     1    
  307 LEU   5121  5139    19   307     1    
  308 THR   5140  5153    14   308     1    
  309 ALA   5154  5163    10   309     1    
  310 LEU   5164  5182    19   310     1    
  311 GLU   5183  5197    15   311     1    
  312 ALA   5198  5207    10   312     1    
  313 MET   5208  5224    17   313     1    
  314 THR   5225  5238    14   314     1    
  315 HIE   5239  5255    17   315     1    
  316 PRO   5256  5269    14   316     1    
  317 TYR   5270  5290    21   317     1    
  318 PHE   5291  5310    20   318     1    
  319 GLN   5311  5327    17   319     1    
  320 GLN   5328  5344    17   320     1    
  321 VAL   5345  5360    16   321     1    
  322 ARG   5361  5384    24   322     1    
  323 ALA   5385  5394    10   323     1    
  324 ALA   5395  5404    10   324     1    
  325 GLU   5405  5420    16   325     1    
  326 K32   5421  5436    16   326     2    
  327 Cl-   5437  5437     1   327     3    
  328 Cl-   5438  5438     1   328     4    
  329 Cl-   5439  5439     1   329     5    
  330 Cl-   5440  5440     1   330     6    
  331 Cl-   5441  5441     1   331     7    
  332 Cl-   5442  5442     1   332     8    
  333 Cl-   5443  5443     1   333     9    
  334 Cl-   5444  5444     1   334    10    
  335 Cl-   5445  5445     1   335    11    
  336 Cl-   5446  5446     1   336    12    
  337 Cl-   5447  5447     1   337    13    
  338 Cl-   5448  5448     1   338    14    
  339 Cl-   5449  5449     1   339    15    
  340 Cl-   5450  5450     1   340    16    
  341 Cl-   5451  5451     1   341    17    
  342 Cl-   5452  5452     1   342    18    
  343 Cl-   5453  5453     1   343    19    
  344 Cl-   5454  5454     1   344    20    
  345 Cl-   5455  5455     1   345    21    
  346 Cl-   5456  5456     1   346    22    
  347 Cl-   5457  5457     1   347    23    
  348 Cl-   5458  5458     1   348    24    
  349 Cl-   5459  5459     1   349    25    
  350 Cl-   5460  5460     1   350    26    
  351 Cl-   5461  5461     1   351    27    
  352 Cl-   5462  5462     1   352    28    
  353 Cl-   5463  5463     1   353    29    
  354 Cl-   5464  5464     1   354    30    
  355 Cl-   5465  5465     1   355    31    
  356 Cl-   5466  5466     1   356    32    
  357 Cl-   5467  5467     1   357    33    
  358 Cl-   5468  5468     1   358    34    
  359 Cl-   5469  5469     1   359    35    
  360 Cl-   5470  5470     1   360    36    
  361 Cl-   5471  5471     1   361    37    
  362 Na+   5472  5472     1   362    38    
  363 Na+   5473  5473     1   363    39    
  364 Na+   5474  5474     1   364    40    
  365 Na+   5475  5475     1   365    41    
  366 Na+   5476  5476     1   366    42    
  367 Na+   5477  5477     1   367    43    
  368 Na+   5478  5478     1   368    44    
  369 Na+   5479  5479     1   369    45    
  370 Na+   5480  5480     1   370    46    
  371 Na+   5481  5481     1   371    47    
  372 Na+   5482  5482     1   372    48    
  373 Na+   5483  5483     1   373    49    
  374 Na+   5484  5484     1   374    50    
  375 Na+   5485  5485     1   375    51    
  376 Na+   5486  5486     1   376    52    
  377 Na+   5487  5487     1   377    53    
  378 Na+   5488  5488     1   378    54    
  379 Na+   5489  5489     1   379    55    
  380 Na+   5490  5490     1   380    56    
  381 Na+   5491  5491     1   381    57    
  382 Na+   5492  5492     1   382    58    
  383 Na+   5493  5493     1   383    59    
  384 Na+   5494  5494     1   384    60    
  385 Na+   5495  5495     1   385    61    
  386 Na+   5496  5496     1   386    62    
  387 Na+   5497  5497     1   387    63    
  388 Na+   5498  5498     1   388    64    
  389 Na+   5499  5499     1   389    65    
  390 Na+   5500  5500     1   390    66    
  391 Na+   5501  5501     1   391    67    
  392 Na+   5502  5502     1   392    68    
  393 Na+   5503  5503     1   393    69    
